29
36
46
64
115
123
152
165
172
227
235
246
305
313
353
355
372
383
409
430
444
455
460
499
539
558
593
611
616
630
647
682
683
684
745
746
762
811
828
837
911
924
947
958
979
1001
1018
1029
1037
1038
1066
1092
1118
1122
1123
1134
1137
1141
1144
1148
1150
1163
1168
1170
1183
1196
1211
1212
1226
1234
1242
1250
1289
1307
1308
1338
1376
1408
1419
1427
1480
1482
1487
1504
1512
1538
1552
1554
1558
1612
1615
1628
1656
1673
1699
1705
1715
1717
1724
1735
1739
1743
1773
1800
1804
1822
1824
1826
1862
1870
1871
1874
1901
1908
1911
1940
1978
1981
2017
2025
2027
2086
2087
2095
2100
2132
2163
2165
2179
2187
2225
2238
2278
2292
2294
2295
2327
2328
2351
2354
2377
2387
2395
2421
2437
2460
2475
2496
2500
2504
2506
2533
2543
2545
2565
2566
2622
2636
2652
2682
2691
2692
2701
2736
2757
2762
2772
2775
2864
2896
2934
2938
2945
2949
2953
2954
2986
2990
3000
3002
3071
3079
3103
3155
3161
3191
3211
3231
3257
3261
3267
3269
3273
3294
3300
3322
3329
3341
3384
3403
3432
3482
3488
3512
3538
3545
3568
3601
3613
3649
3662
3666
3674
3689
3690
3691
3695
3700
3717
3742
3756
3766
3772
3779
3792
3847
3868
3876
3882
3938
3943
3963
3973
3987